doubleTest
ABP1 = 0.237788
ABZ1 = 0.291066
ACF2 = 0.845814
ADE5 = 0.152208
ADR1 = 0.585537
AFR1 = 0.193475
AMD1 = 0.810623
ARK1 = 0.173531
BBC1 = 0.484983
BCK1 = 0.151863
BEM1 = 0.366957
BNI1 = 0.491736
BNR1 = 0.910094
BOI1 = 0.265257
BOI2 = 0.893188
BOS1 = 0.220351
BUD14 = 0.631798
BUD2 = 0.571077
BUL1 = 0.332158
BZZ1 = 0.104455
CAF130 = 0.502931
CDC25 = 0.567394
CDC3 = 0.854165
DOA1 = 0.0401409
ENT1 = 0.108022
FAP1 = 0.639396
FIR1 = 0.013111
FUN21 = 0.720184
FUN31 = 0.101814
FUS1 = 0.482945
GIP2 = 0.254355
GLN3 = 0.676697
GPM1 = 0.896782
GRR1 = 0.759896
HMG2 = 0.720292
HMO1 = 0.907623
HOF1 = 0.928611
INP52 = 0.377663
KEM1 = 0.899756
KIN2 = 0.77888
KTR3 = 0.324255
LAP3 = 0.194231
LAS17 = 0.995553
MCR1 = 0.161296
MET1 = 0.708034
MMS4 = 0.501519
MNN9 = 0.936301
MRD1 = 0.716323
MYO3 = 0.10519
MYO5 = 0.209205
NBP2 = 0.559397
NFI1 = 0.705432
OSH1 = 0.0782337
PAF1 = 0.51053
PBP1 = 0.196197
PBS2 = 0.274211
PEA2 = 0.638602
PET127 = 0.448208
PEX13 = 0.0398718
PIG2 = 0.467251
PKC1 = 0.0777565
PRE6 = 0.0381004
PRK1 = 0.160044
REF2 = 0.397832
RGD1 = 0.688898
RLR1 = 0.534712
ROM1 = 0.68692
ROX3 = 0.272457
RSP5 = 0.465933
RVS167 = 0.276555
SAC3 = 0.450086
SDC25 = 0.935069
SEN2 = 0.0869318
SGT1 = 0.453889
SHE3 = 0.945625
SHO1 = 0.855719
SIR1 = 0.120976
SLA1 = 0.0141639
SNF7 = 0.234515
SNZ2 = 0.866313
SRL1 = 0.43739
SRV2 = 0.769548
STP22 = 0.874003
SYS1 = 0.376934
TCM1 = 0.944328
TDH3 = 0.798493
UBI4 = 0.838634
UBP7 = 0.946656
UFD1 = 0.586052
VAC7 = 0.599163
VPS5 = 0.319347
VRP1 = 0.421162
YAR009C = 0.904107
YBL071C = 0.158462
YBR098W = 0.835159
YBR101C = 0.731942
YCL034W = 0.491837
YDL129W = 0.212129
YDL146W = 0.119752
YDR409W = 0.0483631
YEL043W = 0.426026
YER047C = 0.325782
YER082C = 0.104662
YER124C = 0.428916
YER158C = 0.623148
YFR024C = 0.6187
YGL104C = 0.779997
YGR136W = 0.488031
YGR268C = 0.98955
YHL002W = 0.925851
YHL027W = 0.642174
YHR016C = 0.747365
YHR114W = 0.956569
YHR156C = 0.515966
YIL108W = 0.221398
YIL130W = 0.299632
YIR003W = 0.810162
YJL151C = 0.00635903
YJR056C = 0.28057
YJR083C = 0.919172
YKL105C = 0.36738
YKR023W = 0.407252
YKR030W = 0.874503
YLR064W = 0.95226
YLR117C = 0.99036
YMR071C = 0.150404
YMR192W = 0.548236
YMR253C = 0.237134
YNL058C = 0.771846
YNL075W = 0.458766
YNL078W = 0.731223
YNL094W = 0.197155
YNL152W = 0.473711
YNR037C = 0.923797
YOR076C = 0.858866
YOR081C = 0.945798
YOR197W = 0.399686
YOR284W = 0.345312
YPL112C = 0.201031
YPL246C = 0.322008
YPL249C = 0.336171
YPR008W = 0.570686
YPR115W = 0.437
YPR154W = 0.87439
YPR171W = 0.643938
YPR184W = 0.517941
YSC84 = 0.894874
ZDS2 = 0.839202
